48
55
40
80
32
92
94
38
18
54
32
96
53
66
78
88
66
70
62
25
6
54
69
50
30
50
51
19
71
22
16
67
50
12
3
53
16
15
14
41
74
59
66
80
71
76
99
49
64
73
14
31
64
47
1
66
78
60
78
59
31
93
4
16
28
23
62
74
24
67
45
91
38
30
31
60
83
46
86
62
87
91
76
27
65
27
67
59
42
6
74
19
35
98
79
26
11
91
25
100
99
27
31
50
99
100
42
88
90
84
38
99
72
30
88
73
94
71
48
54
78
19
7
65
55
88
96
20
65
93
45
87
86
15
52
32
54
67
56
89
66
17
12
74
82
95
41
96
48
27
35
56
6
88
30
96
28
95
37
60
82
76
51
63
51
26
33
86
1
42
79
49
33
80
87
19
35
82
60
14
28
2
92
22
49
99
10
26
79
4
37
25
27
85
23
64
65
0
41
62
93
93
69
57
24
49
98
40
66
25
15
74
98
25
55
75
23
49
61
57
98
4
23
53
66
51
9
30
59
5
100
44
10
17
30
48
37
92
75
68
5
91
7
99
39
42
69
25
9
42
16
85
0
88
66
29
59
38
70
81
16
95
45
56
29
1
80
68
61
47
84
58
66
65
3
46
100
25
48
97
11
4
86
20
67
70
11
10
52
31
42
86
5
7
22
48
79
55
53
91
4
80
30
58
30
76
15
17
86
70
72
39
50
22
33
96
74
51
58
6
95
16
85
34
85
42
55
53
52
12
45
35
62
54
94
68
53
15
60
46
60
79
81
8
12
76
88
73
67
24
93
37
33
69
31
9
93
49
32
65
21
63
73
40
54
71
76
97
47
78
76
97
59
12
99
79
96
77
73
24
82
89
8
23
82
30
46
29
80
76
89
63
87
24
0
62
33
25
48
32
34
5
99
57
96
68
96
73
51
52
92
87
35
6
81
46
32
99
34
84
76
57
2
12
20
59
73
4
32
40
72
32
34
10
44
90
38
41
41
82
42
19
62
97
40
85
99
49
30
78
31
33
94
41
40
83
42
66
27
94
54
13
1
43
99
71
47
10
75
56
23
77
95
6
59
18
26
85
8
81
99
39
0
15
36
68
49
78
100
21
64
58
41
13
56
91
44
61
57
88
54
27
86
77
32
33
19
60
90
16
73
29
56
11
73
7
20
55
0
20
91
84
68
44
9
18
77
81
87
35
52
85
3
88
34
48
65
38
25
16
82
29
80
70
93
89
62
16
80
99
42
47
28
0
30
29
51
53
82
13
10
47
29
4
66
69
26
53
25
23
59
83
8
49
29
58
88
60
70
11
47
69
94
48
41
58
29
3
31
59
77
75
28
4
35
34
16
99
5
52
20
62
28
13
98
87
28
38
8
98
79
95
92
69
75
10
0
51
67
95
54
52
97
93
1
100
9
44
42
76
67
63
65
54
18
31
91
22
31
71
17
18
83
64
41
95
30
68
61
32
3
51
59
48
45
66
33
79
81
92
30
52
42
75
91
37
18
15
92
39
58
23
2
66
55
84
94
46
41
31
15
21
91
77
21
37
85
35
82
75
9
25
28
66
29
72
2
16
0
38
91
13
64
58
42
68
21
6
7
85
95
46
69
12
46
0
97
14
30
27
67
85
13
40
16
37
31
60
42
33
9
39
18
5
76
28
8
86
70
81
45
49
10
82
18
55
82
73
6
11
96
70
98
43
84
44
85
60
2
56
90
60
76
18
95
83
40
59
24
90
27
66
32
48
78
78
58
3
72
24
98
18
62
7
35
14
69
19
20
76
42
27
23
74
80
21
83
76
88
28
8
37
77
84
29
36
81
13
29
81
78
73
3
36
98
51
78
77
77
51
86
74
70
15
19
32
36
38
86
60
37
6
39
36
56
82
23
86
38
32
49
11
63
92
80
7
18
67
88
59
22
75
53
99
68
34
100
30
19
74
31
21
78
5
68
7
38
31
26
55
69
10
48
100
91
95
58
55
92
71
79
78
82
39
35
59
7
42
83
34
4
79
55
64
69
88
22
67
99
32
19
15
33
84
18
98
89
34
54
4
82
7
45
12
69
28
39
50
86
78
51
45
9
67
40
7
93
97
42
53
81
33
9
2
7
38
78
18
67
34
81
48
35
32
35
6
50
98
0
93
27
36
35
11
73
68
16
81
79
3
20
64
16
71
80
49
52
16
99
46
73
12
41
59
3
49
54
39
31
99
48
53
35
21
51
68
83
4
41
16
72
11
95
67
10
29
93
34
5
55
36
35
57
17
96
5
2
10
47
8
13
57
70
65
21
17
14
29
56
93
84
69
44
7
5
4
47
41
41
68
10
62
20
91
88
6
82
53
49
35
18
9
22
39
52
61
58
53
6
43
83
69
44
11
4
71
44
81
85
34
57
16
68
59
74
65
60
36
18
91
45
14
26
73
16
68
84
48
69
55
11
52
71
92
19
85
17
73
95
64
96
73
51
100
4
57
43
50
39
52
100
62
17
84
63
25
29
40
18
39
17
41
29
56
1
43
82
17
12
15
9
26
76
45
72
61
6
69
6
15
26
18
91
32
77
68
47
59
22
48
37
39
87
24
80
12
6
23
99
31
1
38
6
28
25
31
60
79
84
18
69
85
80
8
15
62
47
70
16
54
19
66
30
56
60
7
26
65
14
96
45
21
90
52
31
6
53
89
11
37
14
35
93
82
82
31
18
17
46
91
90
52
0
32
82
9
32
60
40
37
4
41
28
7
59
33
20
72
80
85
98
28
44
50
87
93
44
53
80
97
26
34
99
8
0
9
38
51
63
16
70
16
2
64
65
93
41
20
58
5
39
95
93
49
48
90
34
36
72
39
43
70
21
74
69
37
97
29
46
7
99
55
92
32
35
37
43
94
56
29
14
9
55
46
85
97
27
74
3
35
71
21
88
65
100
4
55
36
37
30
